,msPlayed
0,153016
1,80851
2,116542
3,1514
4,213344
5,159222
6,117606
7,250158
8,264854
9,233630
10,81737
11,200373
12,130314
13,167402
14,84007
15,267706
16,142514
17,180304
18,264324
19,228639
20,228266
21,233456
22,227195
23,208521
24,182346
25,210688
26,191700
27,270697
28,131872
29,159636
30,171782
31,240254
32,228013
33,161831
34,170541
35,178426
36,222000
37,148551
38,137773
39,189638
40,121399
41,126110
42,1109
43,1728
44,7253
45,1983
46,5376
47,2752
48,1728
49,4586
50,2880
51,28898
52,264854
53,302935
54,166666
55,175686
56,266094
57,260919
58,275938
59,2047
60,6464
61,161880
62,45513
63,153016
64,189136
65,264854
66,233453
67,218400
68,224146
69,250158
70,200373
71,154455
72,133305
73,199998
74,128578
75,302935
76,159222
77,183756
78,129530
79,215825
80,263184
81,90208
82,8219
83,243213
84,267706
85,142514
86,226644
87,153016
88,119713
89,240000
90,199998
91,213344
92,159222
93,117606
94,228639
95,250158
96,200373
97,154455
98,224146
99,233453
100,154666
101,233630
102,183756
103,161880
104,213611
105,172066
106,144069
107,204813
108,14904
109,233453
110,199998
111,118137
112,193829
113,167303
114,203807
115,185917
116,214846
117,217946
118,178426
119,176579
120,171655
121,209320
122,202735
123,239317
124,88314
125,181650
126,42595
127,183720
128,195384
129,119333
130,217605
131,119750
132,148972
133,125701
134,225522
135,81357
136,247840
137,150000
138,97805
139,128400
140,252755
141,134062
142,256120
143,288857
144,288813
145,209142
146,199026
147,223039
148,166666
149,108150
150,135281
151,133929
152,179017
153,123333
154,151651
155,122666
156,194221
157,227100
158,190000
159,212772
160,3626
161,10026
162,153016
163,240000
164,199998
165,213344
166,159222
167,117606
168,228639
169,117244
170,200373
171,154455
172,224146
173,233453
174,154666
175,233630
176,183756
177,161880
178,213611
179,172066
180,135901
181,49846
182,1996
183,6385
184,441
185,2252
186,97570
187,84567
188,183756
189,109196
190,1509
191,139575
192,161880
193,10979
194,8591
195,15789
196,117606
197,11306
198,1695
199,998
200,56752
201,7337
202,224146
203,233453
204,154666
205,233630
206,106296
207,77462
208,211589
209,10657
210,998
211,1044
212,1114
213,1300
214,218400
215,233630
216,199998
217,154455
218,233453
219,213611
220,189136
221,266094
222,159222
223,264854
224,311186
225,153016
226,258473
227,250158
228,240000
229,216270
230,280925
231,209919
232,22005
233,240000
234,200373
235,261702
236,263184
237,213611
238,224146
239,199998
240,133305
241,271169
242,233630
243,218400
244,189136
245,233453
246,154455
247,159222
248,221379
249,153016
250,26320
251,59434
252,71387
253,1429
254,6058
255,1045
256,1002
257,1984
258,12714
259,38528
260,1023
261,8679
262,133305
263,218400
264,189136
265,233453
266,199998
267,250158
268,224146
269,233630
270,28769
271,154455
272,183756
273,189343
274,23829
275,240000
276,63222
277,153016
278,140063
279,117606
280,62996
281,133305
282,154455
283,199998
284,213611
285,975
286,1625
287,1068
288,952
289,2879
290,710
291,1323
292,105441
293,8874
294,105045
295,233630
296,240000
297,279107
298,159222
299,203048
300,183756
301,213344
302,254509
303,111893
304,41120
305,115233
306,88630
307,1044
308,1880
309,218400
310,194531
311,21207
312,4309
313,7701
314,2112
315,17066
316,4693
317,21653
318,5717
319,17322
320,100715
321,133305
322,189136
323,233630
324,59121
325,14336
326,13290
327,240000
328,45900
329,263859
330,156734
331,1718
332,928
333,1277
334,1671
335,58560
336,1555
337,154455
338,1277
339,104690
340,3157
341,117606
342,171147
343,240000
344,23869
345,375
346,928
347,5433
348,117606
349,139797
350,14660
351,169392
352,53956
353,200373
354,171147
355,233630
356,240000
357,189136
358,250158
359,261702
360,224146
361,159222
362,263184
363,183756
364,199998
365,153083
366,266094
367,151748
368,30482
369,228965
370,261228
371,251424
372,175459
373,171291
374,142514
375,267706
376,3948
377,26693
378,250158
379,6062
380,133305
381,13664
382,233453
383,233630
384,218400
385,154455
386,261702
387,189136
388,171147
389,224146
390,159222
391,266094
392,74191
393,183756
394,153900
395,199998
396,213344
397,181321
398,1152
399,1045
400,240000
401,11989
402,125345
403,10475
404,175999
405,168300
406,277500
407,12726
408,5552
409,147550
410,172066
411,117606
412,236436
413,213599
414,166666
415,291462
416,258857
417,348965
418,139463
419,43978
420,3877
421,18158
422,5056
423,117606
424,1621
425,1023
426,74482
427,1045
428,1130
429,1280
430,1728
431,3711
432,1130
433,154455
434,159222
435,233630
436,224146
437,133305
438,183756
439,218400
440,213611
441,258473
442,213344
443,264854
444,1066
445,810
446,185917
447,183290
448,178426
449,64290
450,1742
451,209487
452,188143
453,209320
454,159400
455,176579
456,24229
457,9600
458,5014
459,199998
460,233453
461,154455
462,85227
463,1151
464,917
465,1216
466,4458
467,229205
468,261702
469,159222
470,200373
471,263184
472,213344
473,183756
474,30964
475,726
476,218400
477,250158
478,153016
479,266094
480,264854
481,203048
482,153083
483,277500
484,216270
485,155161
486,302935
487,168300
488,23131
489,175999
490,117606
491,171272
492,166666
493,172066
494,258857
495,3204
496,115952
497,23291
498,2298
499,121533
500,236436
501,228639
502,161880
503,175686
504,208000
505,209032
506,143200
507,173400
508,190131
509,38016
510,0
511,0
512,0
513,0
514,437
515,0
516,1704
517,0
518,203801
519,262974
520,218004
521,228965
522,195535
523,318
524,2087
525,5224
526,13305
527,156850
528,123535
529,296890
530,159600
531,321146
532,306503
533,303206
534,200827
535,214000
536,236286
537,218724
538,279429
539,113264
540,260142
541,288365
542,254511
543,254989
544,452832
545,159600
546,329106
547,290053
548,314174
549,214000
550,236286
551,292075
552,264625
553,218724
554,113264
555,200827
556,232533
557,322899
558,338922
559,227506
560,159600
561,257973
562,343586
563,383213
564,214000
565,331467
566,236286
567,222080
568,218724
569,200827
570,341820
571,171147
572,159222
573,154455
574,200373
575,133305
576,250158
577,263184
578,224146
579,189136
580,261702
581,233453
582,233630
583,146348
584,2555
585,175459
586,228965
587,171291
588,218004
589,251424
590,155151
591,267706
592,142514
593,232774
594,218423
595,180304
596,227195
597,182346
598,222000
599,93893
600,9768
601,124992
602,3819
603,99098
604,117606
605,1407
606,8614
607,162
608,4226
609,4876
610,905
611,1509
612,218400
613,71372
614,88117
615,200373
616,240000
617,154455
618,233630
619,2773
620,186633
621,263184
622,95716
623,71076
624,2136
625,1625
626,138669
627,12339
628,172066
629,38851
630,150294
631,218400
632,240000
633,200373
634,159222
635,233630
636,261702
637,171147
638,199998
639,224146
640,45166
641,218400
642,1555
643,155562
644,154455
645,224146
646,189136
647,233453
648,171147
649,261702
650,250158
651,1369
652,106903
653,159222
654,155161
655,99441
656,36455
657,2623
658,249707
659,1184
660,15745
661,243578
662,108679
663,2538
664,241668
665,65650
666,177694
667,228982
668,280497
669,287374
670,230318
671,228855
672,224146
673,278093
674,266653
675,284573
676,246635
677,202909
678,254653
679,231240
680,304088
681,227334
682,268164
683,263152
684,299119
685,292746
686,191239
687,180000
688,240000
689,110324
690,12137
691,650
692,5317
693,63060
694,218724
695,171016
696,250158
697,189136
698,206060
699,153083
700,70434
701,172408
702,216328
703,223636
704,200373
705,208000
706,231486
707,169686
708,179325
709,171987
710,113264
711,233630
712,103264
713,170387
714,172381
715,217894
716,261702
717,203520
718,161041
719,181250
720,257089
721,223999
722,174545
723,234737
724,213333
725,183000
726,168300
727,158447
728,223107
729,192228
730,61491
731,197763
732,264089
733,197549
734,196071
735,200827
736,317000
737,176232
738,195253
739,214000
740,177391
741,208000
742,120000
743,81307
744,257
745,4574
746,233453
747,158637
748,261702
749,171147
750,224146
751,154455
752,159222
753,263184
754,233630
755,218400
756,189136
757,200373
758,213344
759,153083
760,180000
761,240000
762,277500
763,136033
764,47649
765,264854
766,155161
767,127892
768,2530
769,1672
770,7779
771,233453
772,72117
773,154455
774,233630
775,263184
776,189136
777,200373
778,171147
779,271169
780,37774
781,95525
782,264854
783,153083
784,155161
785,10509
786,183756
787,224146
788,279107
789,302935
790,175999
791,131077
792,172066
793,348965
794,277500
795,258473
796,226933
797,216270
798,118741
799,34531
800,168300
801,117606
802,203048
803,236436
804,234037
805,18049
806,1557
807,166666
808,67883
809,9404
810,154455
811,250158
812,998
813,6365
814,162377
815,5688
816,233630
817,159222
818,4065
819,1671
820,1323
821,1253
822,1253
823,199998
824,1137
825,183756
826,117606
827,180000
828,213344
829,213599
830,100177
831,20540
832,1429
833,139835
834,117606
835,189136
836,233630
837,250158
838,171147
839,67768
840,154455
841,87280
842,159030
843,153083
844,213599
845,76705
846,1045
847,6975
848,171147
849,189319
850,261702
851,159222
852,22174
853,132203
854,207744
855,76161
856,263184
857,3461
858,22427
859,154455
860,233630
861,138240
862,21248
863,233453
864,131691
865,39462
866,240000
867,114417
868,4365
869,975
870,19017
871,136004
872,199998
873,144997
874,25054
875,133305
876,159222
877,154455
878,219250
879,263184
880,84973
881,155151
882,178205
883,210373
884,274192
885,227239
886,132668
887,42656
888,171291
889,179586
890,194920
891,251424
892,140733
893,218423
894,267706
895,19652
896,10566
897,153016
898,86176
899,171147
900,103717
901,1997
902,1904
903,3854
904,2321
905,3622
906,368480
907,24810
908,154200
909,2066
910,3753
911,34620
912,169482
913,320142
914,317000
915,0
916,261613
917,1927
918,45879
919,368480
920,205465
921,1996
922,154200
923,279120
924,169686
925,268712
926,296890
927,295000
928,87298
929,153016
930,159222
931,171147
932,213344
933,15026
934,325125
935,14528
936,1765
937,8428
938,22825
939,192228
940,296890
941,220767
942,218932
943,397426
944,321226
945,156380
946,304466
947,257089
948,239485
949,228469
950,204110
951,286986
952,16678
953,452832
954,55279
955,264210
956,243206
957,434300
958,159600
959,106811
960,69475
961,16230
962,241162
963,368480
964,16534
965,261613
966,58073
967,107810
968,338964
969,18993
970,8290
971,176875
972,228469
973,204110
974,368480
975,286986
976,154200
977,321240
978,127121
979,159660
980,213880
981,54807
982,236973
983,392525
984,347453
985,197240
986,2693
987,30255
988,341840
989,193050
990,190310
991,192228
992,1787
993,232342
994,7501
995,257089
996,268712
997,304466
998,2414
999,116397
1000,228189
1001,261479
1002,254511
1003,343613
1004,432293
1005,311240
1006,244412
1007,125061
1008,261013
1009,230164
1010,296890
1011,308316
1012,325640
1013,368840
1014,286986
1015,295000
1016,394161
1017,345453
1018,310081
1019,261613
1020,279120
1021,433920
1022,325033
1023,206946
1024,194761
1025,359253
1026,323693
1027,229575
1028,222080
1029,214457
1030,66595
1031,333093
1032,228323
1033,397426
1034,265926
1035,296890
1036,132158
1037,318093
1038,206946
1039,632960
1040,137731
1041,318066
1042,37016
1043,213887
1044,299119
1045,289373
1046,2275
1047,1811
1048,40929
1049,218932
1050,112245
1051,323053
1052,217901
1053,277148
1054,304466
1055,305017
1056,254699
1057,226696
1058,3697
1059,24984
1060,288
1061,12705
1062,462634
1063,33227
1064,1648
1065,220312
1066,32307
1067,3134
1068,9914
1069,247374
1070,180773
1071,208320
1072,192000
1073,62000
1074,203710
1075,1973
1076,155161
1077,218400
1078,183756
1079,240000
1080,166666
1081,177391
1082,180000
1083,117606
1084,203520
1085,175000
1086,254400
1087,223636
1088,175999
1089,161880
1090,206060
1091,213333
1092,223390
1093,35271
1094,137989
1095,203520
1096,159222
1097,213344
1098,155161
1099,172408
1100,223390
1101,171147
1102,153083
1103,180000
1104,240000
1105,218400
1106,153016
1107,233666
1108,117606
1109,183756
1110,208000
1111,166666
1112,232906
1113,172066
1114,5832
1115,177391
1116,226933
1117,148188
1118,254400
1119,214750
1120,206060
1121,213333
1122,170387
1123,213344
1124,233666
1125,222400
1126,178426
1127,221306
1128,112343
1129,3459
1130,159222
1131,95000
1132,118338
1133,155161
1134,203520
1135,172066
1136,183756
1137,180000
1138,155161
1139,180000
1140,159222
1141,117606
1142,203520
1143,233666
1144,213344
1145,183756
1146,240000
1147,171147
1148,218400
1149,172066
1150,153083
1151,172408
1152,223390
1153,254400
1154,193355
1155,177391
1156,194759
1157,213333
1158,175999
1159,163827
1160,206060
1161,153016
1162,160500
1163,114418
1164,148188
1165,171272
1166,65558
1167,23010
1168,146470
1169,261481
1170,201692
1171,176969
1172,145933
1173,71635
1174,4877
1175,195966
1176,142452
1177,4504
1178,1137
1179,1021
1180,2066
1181,40890
1182,176296
1183,141538
1184,131707
1185,222296
1186,68005
1187,137555
1188,299119
1189,195120
1190,143551
1191,216006
1192,267530
1193,245533
1194,56905
1195,316953
1196,333949
1197,249836
1198,234986
1199,313213
1200,214280
1201,141538
1202,271973
1203,137555
1204,272413
1205,197603
1206,720
1207,306586
1208,195120
1209,215093
1210,13459
1211,17109
1212,142895
1213,201692
1214,89650
1215,928
1216,44303
1217,5897
1218,11656
1219,256271
1220,47607
1221,236239
1222,201692
1223,176875
1224,1718
1225,171255
1226,1834
1227,2507
1228,179099
1229,6992
1230,199264
1231,203018
1232,214846
1233,229208
1234,250964
1235,64589
1236,234037
1237,203520
1238,181250
1239,232906
1240,110021
1241,6826
1242,65410
1243,176875
1244,159600
1245,171473
1246,181250
1247,224240
1248,122251
1249,230103
1250,58632
1251,18715
1252,148468
1253,51943
1254,56378
1255,125387
1256,11238
1257,172408
1258,183756
1259,153083
1260,233666
1261,154554
1262,155161
1263,180000
1264,213333
1265,203654
1266,159222
1267,213344
1268,179118
1269,34130
1270,218400
1271,108795
1272,4806
1273,181548
1274,274192
1275,175459
1276,178205
1277,210373
1278,218423
1279,155151
1280,171291
1281,195122
1282,251424
1283,184841
1284,180304
1285,194920
1286,179586
1287,187406
1288,13711
1289,236413
1290,4181
1291,219209
1292,235800
1293,231000
1294,11456
1295,98
1296,264
1297,912
1298,540
1299,226300
1300,213887
1301,291841
1302,2856
1303,226345
1304,1857
1305,1973
1306,1787
1307,123723
1308,0
1309,0
1310,1323
1311,4512
1312,176875
1313,51016
1314,286286
1315,55493
1316,314239
1317,233453
1318,223459
1319,321225
1320,285686
1321,299827
1322,176875
1323,213658
1324,39811
1325,337360
1326,263152
1327,1514
1328,42089
1329,2346
1330,266094
1331,56967
1332,4287
1333,466226
1334,277021
1335,225750
1336,341933
1337,284779
1338,278546
1339,228969
1340,241668
1341,364329
1342,260536
1343,223390
1344,280161
1345,249707
1346,218836
1347,249730
1348,200120
1349,222500
1350,73073
1351,248305
1352,223459
1353,341933
1354,285686
1355,341027
1356,195515
1357,299827
1358,1787
1359,1439
1360,49642
1361,337360
1362,261013
1363,341054
1364,270000
1365,261702
1366,277021
1367,284779
1368,241668
1369,228969
1370,153083
1371,228982
1372,260590
1373,184432
1374,143860
1375,170648
1376,261702
1377,260536
1378,1834
1379,70027
1380,32391
1381,1137
1382,2879
1383,2182
1384,72771
1385,47600
1386,6367
1387,236239
1388,83115
1389,118835
1390,52168
1391,10240
1392,176875
1393,44956
1394,4373
1395,264805
1396,50725
1397,202682
1398,146470
1399,285120
1400,101902
1401,1137
1402,64806
1403,5527
1404,264359
1405,261250
1406,263754
1407,84918
1408,164507
1409,4394
1410,2136
1411,1626
1412,126167
1413,68313
1414,7825
1415,3715
1416,13537
1417,76974
1418,15162
1419,157245
1420,2530
1421,33576
1422,1996
1423,2786
1424,2809
1425,13188
1426,225000
1427,51374
1428,321604
1429,285973
1430,299827
1431,13714
1432,312892
1433,812
1434,1253
1435,1578
1436,9868
1437,1277
1438,8661
1439,1068
1440,25704
1441,222500
1442,326765
1443,195515
1444,260536
1445,249707
1446,241668
1447,177375
1448,225906
1449,273753
1450,1343
1451,2134
1452,6314
1453,1962
1454,1728
1455,18432
1456,3648
1457,2415
1458,8149
1459,285120
1460,142629
1461,216236
1462,281560
1463,24664
1464,3343
1465,2995
1466,1509
1467,203617
1468,30232
1469,40388
1470,190131
1471,24359
1472,288462
1473,201655
1474,213932
1475,167006
1476,18968
1477,280281
1478,280369
1479,260590
1480,364329
1481,257973
1482,350617
1483,302935
1484,229575
1485,341933
1486,249707
1487,390222
1488,219686
1489,277986
1490,345788
1491,228969
1492,223271
1493,325257
1494,341823
1495,272082
1496,366853
1497,193355
1498,299827
1499,183000
1500,308714
1501,253773
1502,195253
1503,261702
1504,247381
1505,263967
1506,140752
1507,321240
1508,297866
1509,287422
1510,286435
1511,289333
1512,199643
1513,267613
1514,262733
1515,339591
1516,263152
1517,179737
1518,233302
1519,264854
1520,242864
1521,118933
1522,124648
1523,224146
1524,272532
1525,212832
1526,206858
1527,280974
1528,241448
1529,294846
1530,281322
1531,345558
1532,208000
1533,240786
1534,228982
1535,281573
1536,254351
1537,286380
1538,260552
1539,320000
1540,235194
1541,50501
1542,165053
1543,71386
1544,128153
1545,227334
1546,237875
1547,279429
1548,325581
1549,289999
1550,155172
1551,154554
1552,277986
1553,194689
1554,3076
1555,271975
1556,61140
1557,325706
1558,314239
1559,3390
1560,149691
1561,146750
1562,4117
1563,419003
1564,57387
1565,60627
1566,12167
1567,34597
1568,171138
1569,137555
1570,189041
1571,161707
1572,115636
1573,222296
1574,141538
1575,188661
1576,131428
1577,161428
1578,233090
1579,308320
1580,249836
1581,211146
1582,263341
1583,271973
1584,214280
1585,75109
1586,89671
1587,216755
1588,180790
1589,141538
1590,202226
1591,19912
1592,169411
1593,133608
1594,229266
1595,175423
1596,271033
1597,42109
1598,176296
1599,193170
1600,131428
1601,188661
1602,212585
1603,189620
1604,131707
1605,189041
1606,153562
1607,141538
1608,250240
1609,297391
1610,215093
1611,225273
1612,272413
1613,309618
1614,290400
1615,307573
1616,166517
1617,193187
1618,131428
1619,114098
1620,72059
1621,75076
1622,159990
1623,137691
1624,150000
1625,56905
1626,79856
1627,59534
1628,154816
1629,106956
1630,78545
1631,267530
1632,249836
1633,83080
1634,60043
1635,63047
1636,112684
1637,173840
1638,245533
1639,166666
1640,67018
1641,139005
1642,73888
1643,142000
1644,65230
1645,214280
1646,308320
1647,95609
1648,144655
1649,129523
1650,121039
1651,71053
1652,306586
1653,234986
1654,80688
1655,124956
1656,73191
1657,168452
1658,181859
1659,271973
1660,163500
1661,12582
1662,140147
1663,192321
1664,10009
1665,134875
1666,67549
1667,130122
1668,32313
1669,28932
1670,124923
1671,139928
1672,164218
1673,98952
1674,264900
1675,228855
1676,236436
1677,341933
1678,241448
1679,288902
1680,289333
1681,263967
1682,345558
1683,260536
1684,198025
1685,286380
1686,281322
1687,240786
1688,200373
1689,232505
1690,280369
1691,339591
1692,350617
1693,274687
1694,172381
1695,260552
1696,390222
1697,243113
1698,227334
1699,8042
1700,166517
1701,222296
1702,115636
1703,89645
1704,99281
1705,180790
1706,216755
1707,175423
1708,141538
1709,131428
1710,313213
1711,94559
1712,155292
1713,161707
1714,176296
1715,141538
1716,193170
1717,169411
1718,133608
1719,131428
1720,171138
1721,189041
1722,308320
1723,254375
1724,219386
1725,181859
1726,112000
1727,159990
1728,140800
1729,79856
1730,169239
1731,264421
1732,60043
1733,465449
1734,222127
1735,137555
1736,153562
1737,135726
1738,212585
1739,131428
1740,133608
1741,189041
1742,131707
1743,188661
1744,97988
1745,169478
1746,193187
1747,114098
1748,30922
1749,131428
1750,189620
1751,120960
1752,163500
1753,67018
1754,121039
1755,78545
1756,65230
1757,166588
1758,164786
1759,59534
1760,249836
1761,313213
1762,154816
1763,73888
1764,142000
1765,75076
1766,56905
1767,214280
1768,215093
1769,168452
1770,115636
1771,80688
1772,147435
1773,127378
1774,271973
1775,162219
1776,176296
1777,83080
1778,168979
1779,272413
1780,225273
1781,263341
1782,163750
1783,95609
1784,137691
1785,162366
1786,309618
1787,290400
1788,173840
1789,101000
1790,150000
1791,139005
1792,52919
1793,307573
1794,106956
1795,152752
1796,70500
1797,166666
1798,63047
1799,144655
1800,130285
1801,202409
1802,108448
1803,60043
1804,181637
1805,159990
1806,79856
1807,109200
1808,193398
1809,263083
1810,144956
1811,308320
1812,250240
1813,72059
1814,95779
1815,137319
1816,283481
1817,82802
1818,189480
1819,96000
1820,130903
1821,97083
1822,216755
1823,71053
1824,95000
1825,81755
1826,215320
1827,229266
1828,158534
1829,333949
1830,58336
1831,295200
1832,256866
1833,106714
1834,181702
1835,197500
1836,217714
1837,264421
1838,211146
1839,222346
1840,200000
1841,154047
1842,102050
1843,316953
1844,73191
1845,242160
1846,179347
1847,187915
1848,230653
1849,120000
1850,234986
1851,134875
1852,176557
1853,215000
1854,181891
1855,3970
1856,213932
1857,245099
1858,246100
1859,56359
1860,147276
1861,319216
1862,15877
1863,227329
1864,54822
1865,149420
1866,69004
1867,198973
1868,236436
1869,277986
1870,241448
1871,341933
1872,65195
1873,325012
1874,219686
1875,218836
1876,222133
1877,228982
1878,205967
1879,1764
1880,4435
1881,3575
1882,2113
1883,2136
1884,35898
1885,12701
1886,343906
1887,31570
1888,244346
1889,206241
1890,117275
1891,132121
1892,19017
1893,197984
1894,348647
1895,29246
1896,1044
1897,31185
1898,9349
1899,18902
1900,242864
1901,255738
1902,208000
1903,268164
1904,153016
1905,280161
1906,89216
1907,121544
1908,166858
1909,257613
1910,224146
1911,341823
1912,116986
1913,155079
1914,5034
1915,269645
1916,223271
1917,232505
1918,264854
1919,36849
1920,11340
1921,285120
1922,95619
1923,269560
1924,205946
1925,111188
1926,11982
1927,250760
1928,230453
1929,267626
1930,178426
1931,161568
1932,860
1933,16207
1934,211466
1935,176874
1936,285120
1937,204326
1938,260285
1939,215106
1940,70699
1941,155899
1942,201000
1943,169353
1944,174358
1945,110762
1946,260533
1947,47855
1948,3320
1949,6687
1950,174711
1951,187982
1952,216999
1953,342093
1954,215483
1955,929
1956,68770
1957,214510
1958,673
1959,1301
1960,348
1961,187501
1962,295055
1963,235102
1964,288462
1965,189151
1966,283693
1967,220714
1968,110339
1969,87582
1970,86233
1971,289353
1972,170229
1973,1300
1974,1997
1975,6989
1976,163213
1977,114275
1978,5758
1979,77300
1980,39660
1981,21751
1982,197137
1983,84793
1984,1300
1985,1346
1986,50085
1987,159590
1988,1811
1989,2786
1990,10240
1991,1811
1992,28885
1993,20178
1994,854
1995,1855
1996,75882
1997,77951
1998,340929
1999,323520
2000,316986
2001,256493
2002,300719
2003,211902
2004,386093
2005,34074
2006,10566
2007,1323
2008,4643
2009,343906
2010,33521
2011,11761
2012,2229
2013,101215
2014,71982
2015,31370
2016,43073
2017,5295
2018,1346
2019,70727
2020,52988
2021,2020
2022,343160
2023,8103
2024,26535
2025,3111
2026,327029
2027,85500
2028,17439
2029,2043
2030,697
2031,254699
2032,325933
2033,182797
2034,206946
2035,60186
2036,176217
2037,12247
2038,204604
2039,235102
2040,289353
2041,188606
2042,276153
2043,156035
2044,153190
2045,270001
2046,13693
2047,277493
2048,256714
2049,193413
2050,225837
2051,174711
2052,110808
2053,3739
2054,247381
2055,254300
2056,341360
2057,210405
2058,18672
2059,190000
2060,288647
2061,262733
2062,136453
2063,67176
2064,71057
2065,364329
2066,205011
2067,153016
2068,260536
2069,297866
2070,241448
2071,345788
2072,214796
2073,302935
2074,172381
2075,269200
2076,304088
2077,341933
2078,366853
2079,325581
2080,193355
2081,233302
2082,280161
2083,208000
2084,280974
2085,261702
2086,257613
2087,0
2088,1950
2089,292746
2090,262733
2091,237238
2092,4207
2093,351578
2094,322899
2095,288647
2096,294846
2097,237875
2098,210300
2099,53184
2100,25682
2101,346128
2102,236271
2103,128058
2104,40599
2105,299827
2106,265227
2107,228855
2108,280974
2109,314239
2110,218836
2111,264854
2112,20962
2113,153039
2114,1881
2115,113557
2116,263967
2117,308714
2118,277986
2119,295113
2120,16090
2121,255738
2122,199643
2123,253773
2124,232505
2125,263152
2126,4713
2127,6176
2128,6222
2129,214994
2130,182898
2131,251410
2132,2905
2133,5503
2134,299827
2135,176232
2136,260536
2137,241448
2138,341823
2139,283693
2140,329600
2141,228982
2142,294846
2143,247381
2144,263967
2145,229575
2146,335709
2147,280161
2148,292746
2149,281322
2150,242864
2151,280161
2152,89717
2153,253773
2154,287422
2155,83907
2156,372
2157,298771
2158,325706
2159,285686
2160,81753
2161,239472
2162,1632
2163,2462
2164,344855
2165,227334
2166,208000
2167,212832
2168,229179
2169,345558
2170,266094
2171,64838
2172,243317
2173,1835
2174,246988
2175,289333
2176,254300
2177,97410
2178,225225
2179,193355
2180,257973
2181,222133
2182,236436
2183,240786
2184,288902
2185,390222
2186,228855
2187,196043
2188,232492
2189,109446
2190,169459
2191,147028
2192,322899
2193,249707
2194,19712
2195,331788
2196,193355
2197,294846
2198,174039
2199,199643
2200,287422
2201,335709
2202,174675
2203,338026
2204,212735
2205,23313
2206,341360
2207,240786
2208,299827
2209,325257
2210,43229
2211,265479
2212,247941
2213,371790
2214,246988
2215,279429
2216,170108
2217,168483
2218,281573
2219,232505
2220,22799
2221,19458
2222,332125
2223,139901
2224,208085
2225,229208
2226,216999
2227,208182
2228,342093
2229,164045
2230,215075
2231,260552
2232,253753
2233,199264
2234,106310
2235,169154
2236,174002
2237,320000
2238,203018
2239,213887
2240,291841
2241,198025
2242,119501
2243,171743
2244,262248
2245,66072
2246,178000
2247,184296
2248,204746
2249,252600
2250,181373
2251,90604
2252,263400
2253,302560
2254,191063
2255,251704
2256,180678
2257,214357
2258,224725
2259,179551
2260,184559
2261,232852
2262,258986
2263,182293
2264,197436
2265,198370
2266,153103
2267,232906
2268,247962
2269,190744
2270,247962
2271,221306
2272,14540
2273,214380
2274,242957
2275,35108
2276,1137
2277,51834
2278,244800
2279,170995
2280,269184
2281,256046
2282,330347
2283,227100
2284,22381
2285,193095
2286,188555
2287,30304
2288,259065
2289,41511
2290,287000
2291,204623
2292,25744
2293,3320
2294,69056
2295,16648
2296,218836
2297,284779
2298,227334
2299,281322
2300,156107
2301,176232
2302,194857
2303,280161
2304,228982
2305,180000
2306,188166
2307,170044
2308,304088
2309,240784
2310,311186
2311,25738
2312,242725
2313,257973
2314,220943
2315,147077
2316,5131
2317,2948
2318,1230
2319,2182
2320,1811
2321,2182
2322,199264
2323,44554
2324,12494
2325,212655
2326,4481
2327,216054
2328,20800
2329,159210
2330,54757
2331,188814
2332,16460
2333,200691
2334,230086
2335,5782
2336,199654
2337,178780
2338,188166
2339,230185
2340,171147
2341,193355
2342,212108
2343,172381
2344,184171
2345,188814
2346,15510
2347,12840
2348,206175
2349,199174
2350,266279
2351,178780
2352,244583
2353,240066
2354,222069
2355,230086
2356,170718
2357,140571
2358,133877
2359,121500
2360,123529
2361,18298
2362,160000
2363,182400
2364,96116
2365,224510
2366,140800
2367,192023
2368,156322
2369,154000
2370,156998
2371,155076
2372,139000
2373,139625
2374,127313
2375,28272
2376,148656
2377,137910
2378,131641
2379,115979
2380,110379
2381,130819
2382,167441
2383,160769
2384,168000
2385,198196
2386,141538
2387,1393
2388,278546
2389,314239
2390,206858
2391,288462
2392,269200
2393,193355
2394,364329
2395,285686
2396,283693
2397,228982
2398,198025
2399,298771
2400,280281
2401,173075
2402,2229
2403,1811
2404,16788
2405,167006
2406,177382
2407,212115
2408,74761
2409,234386
2410,220714
2411,238994
2412,235102
2413,273256
2414,231826
2415,247962
2416,194206
2417,261922
2418,228026
2419,218004
2420,202395
2421,228965
2422,200690
2423,239560
2424,221306
2425,224323
2426,35271
2427,96841
2428,213344
2429,68557
2430,5178
2431,193413
2432,190345
2433,220714
2434,200218
2435,319216
2436,6515
2437,192450
2438,187982
2439,224444
2440,277760
2441,166614
2442,230546
2443,213932
2444,279356
2445,238530
2446,181764
2447,175258
2448,39583
2449,214510
2450,226300
2451,210799
2452,284540
2453,213599
2454,284779
2455,223390
2456,260590
2457,224240
2458,216786
2459,47326
2460,281511
2461,277500
2462,154455
2463,171147
2464,321225
2465,249818
2466,218400
2467,274570
2468,234722
2469,70792
2470,233453
2471,194653
2472,271169
2473,271169
2474,197538
2475,125138
2476,190403
2477,206013
2478,351578
2479,4342
2480,4435
2481,319216
2482,4458
2483,286380
2484,3320
2485,3900
2486,3459
2487,5456
2488,2716
2489,69102
2490,223390
2491,202570
2492,117606
2493,277500
2494,274606
2495,22291
2496,138622
2497,69697
2498,264089
2499,11596
2500,41853
2501,202009
2502,223390
2503,1648
2504,31075
2505,284779
2506,224240
2507,35223
2508,225294
2509,234722
2510,249818
2511,171147
2512,228620
2513,180000
2514,274570
2515,197538
2516,220800
2517,321225
2518,246988
2519,207157
2520,218400
2521,233453
2522,217154
2523,46044
2524,116366
2525,52227
2526,224842
2527,174737
2528,17323
2529,288647
2530,158429
2531,268164
2532,229179
2533,322899
2534,260536
2535,325706
2536,314239
2537,249707
2538,247941
2539,224146
2540,263038
2541,1865
2542,262733
2543,232505
2544,240786
2545,284779
2546,212832
2547,289333
2548,289999
2549,197759
2550,297158
2551,253773
2552,198025
2553,32911
2554,288696
2555,190000
2556,42120
2557,2298
2558,1834
2559,198025
2560,172381
2561,196043
2562,269200
2563,294846
2564,280281
2565,325706
2566,341933
2567,278546
2568,294846
2569,183000
2570,262733
2571,230318
2572,302823
2573,1533
2574,267270
2575,154554
2576,195253
2577,223999
2578,341054
2579,288902
2580,208000
2581,210951
2582,232505
2583,224146
2584,222133
2585,333583
2586,298771
2587,15619
2588,398799
2589,279429
2590,199643
2591,150515
2592,153561
2593,28151
2594,244393
2595,268164
2596,254300
2597,241668
2598,265227
2599,263549
2600,49917
2601,282007
2602,1764
2603,48429
2604,255169
2605,339707
2606,329600
2607,314700
2608,236933
2609,309640
2610,328573
2611,194761
2612,310924
2613,175821
2614,243484
2615,228969
2616,300000
2617,243953
2618,279826
2619,8535
2620,289999
2621,296500
2622,255738
2623,174039
2624,200373
2625,308714
2626,371790
2627,262733
2628,280974
2629,224146
2630,198025
2631,176232
2632,195253
2633,272532
2634,288462
2635,230318
2636,214796
2637,130193
2638,100937
2639,6478
2640,246988
2641,220800
2642,281511
2643,213599
2644,223390
2645,154455
2646,141321
2647,264089
2648,224240
2649,277500
2650,284779
2651,260590
2652,209408
2653,8982
2654,228620
2655,140684
2656,278776
2657,94019
2658,296007
2659,244800
2660,336665
2661,217400
2662,279000
2663,101886
2664,11493
2665,177047
2666,139
2667,177598
2668,28628
2669,110294
2670,2252
2671,4227
2672,28235
2673,2159
2674,21153
2675,674
2676,147702
2677,41466
2678,17647
2679,141600
2680,4922
2681,25176
2682,165767
2683,99242
2684,235678
2685,69741
2686,349455
2687,335400
2688,215611
2689,279000
2690,382489
2691,65465
2692,1920
2693,123089
2694,287000
2695,269184
2696,156143
2697,4224
2698,4010
2699,116196
2700,186666
2701,148821
2702,177031
2703,173333
2704,287000
2705,269184
2706,29326
2707,4852
2708,1625
2709,12787
2710,59628
2711,223390
2712,279429
2713,333583
2714,273178
2715,215202
2716,302026
2717,337360
2718,235962
2719,91069
2720,341027
2721,279429
2722,249707
2723,341933
2724,224842
2725,333583
2726,330360
2727,298271
2728,327029
2729,241668
2730,299119
2731,143231
2732,173178
2733,236933
2734,217440
2735,338922
2736,303640
2737,172381
2738,259360
2739,321225
2740,333583
2741,249707
2742,341933
2743,223390
2744,215202
2745,224842
2746,304466
2747,315173
2748,338922
2749,224240
2750,368852
2751,343741
2752,371790
2753,241448
2754,328992
2755,330360
2756,79956
2757,298771
2758,299119
2759,272668
2760,266653
2761,470500
2762,329851
2763,198012
2764,150286
2765,299821
2766,255721
2767,234037
2768,323520
2769,68500
2770,314420
2771,43852
2772,281331
2773,249126
2774,4667
2775,274757
2776,333583
2777,298271
2778,296890
2779,330360
2780,327029
2781,299119
2782,258473
2783,264210
2784,217148
2785,292746
2786,382973
2787,470500
2788,338922
2789,315173
2790,110422
2791,87355
2792,316500
2793,259360
2794,387947
2795,371790
2796,252160
2797,225684
2798,77972
2799,346627
2800,210951
2801,281856
2802,348280
2803,240066
2804,325706
2805,304466
2806,368852
2807,63446
2808,235323
2809,51803
2810,311186
2811,277986
2812,247941
2813,155172
2814,264805
2815,308714
2816,2066
2817,2693
2818,72635
2819,1671
2820,1184
2821,314239
2822,329600
2823,102327
2824,165648
2825,398799
2826,281322
2827,12607
2828,185291
2829,229179
2830,248182
2831,249741
2832,289999
2833,262733
2834,327936
2835,165045
2836,175665
2837,172252
2838,221709
2839,159400
2840,233720
2841,99672
2842,3901
2843,277493
2844,310987
2845,133866
2846,83129
2847,46155
2848,2925
2849,68522
2850,2020
2851,209327
2852,1207
2853,61323
2854,85240
2855,204886
2856,302935
2857,174002
2858,193413
2859,214510
2860,218932
2861,254826
2862,243206
2863,210799
2864,140307
2865,261426
2866,212120
2867,204430
2868,219801
2869,159636
2870,232906
2871,209202
2872,11308
2873,202720
2874,256236
2875,182160
2876,370666
2877,246240
2878,216466
2879,181120
2880,168874
2881,219720
2882,204013
2883,205745
2884,204093
2885,82691
2886,178426
2887,231826
2888,174782
2889,13261
2890,234591
2891,228965
2892,194206
2893,202395
2894,218004
2895,74970
2896,17276
2897,204852
2898,59982
2899,14326
2900,22941
2901,268463
2902,282272
2903,4040
2904,2700
2905,160
2906,2670
2907,113426
2908,40
2909,6571
2910,256236
2911,19240
2912,19240
2913,214000
2914,19240
2915,19240
2916,155289
2917,19240
2918,19240
2919,19240
2920,19240
2921,29740
2922,19240
2923,8930
2924,159636
2925,29740
2926,29740
2927,29740
2928,29740
2929,204430
2930,29740
2931,29740
2932,27780
2933,29740
2934,182160
2935,5077
2936,17217
2937,212000
2938,29750
2939,29740
2940,29740
2941,29740
2942,29740
2943,29740
2944,29740
2945,370666
2946,29740
2947,29740
2948,29740
2949,29740
2950,29740
2951,200884
2952,29740
2953,29740
2954,29740
2955,197549
2956,29740
2957,212062
2958,87000
2959,256400
2960,24915
2961,29740
2962,29740
2963,29740
2964,167250
2965,29740
2966,23549
2967,74195
2968,200690
2969,247962
2970,194206
2971,239560
2972,218004
2973,236413
2974,178426
2975,41219
2976,133428
2977,221306
2978,181709
2979,11494
2980,68735
2981,187356
2982,181250
2983,223390
2984,1814
2985,152645
2986,260590
2987,228580
2988,18407
2989,28334
2990,237607
2991,198045
2992,18019
2993,1927
2994,233630
2995,224240
2996,154872
2997,13338
2998,1015
2999,181250
3000,311186
3001,248182
3002,283539
3003,354862
3004,306834
3005,176875
3006,304899
3007,365706
3008,333984
3009,229738
3010,223390
3011,227962
3012,154455
3013,133305
3014,219869
3015,68022
3016,12492
3017,1253
3018,1578
3019,211162
